11
1
2
4 4 10
6 6 20
50
4
0 0 1000
1024 1024 100000
0 1024 10000
1024 0 10000
2
4
3 3 7
3 4 6
4 9 12
4 6 8
2
4
3 3 7
3 4 6
4 9 12
6 6 8
1
2
4 4 10
6 6 20
2
1
2 3 10
2
2
3 2 10
4 3 20
50
6
100 100 30
120 100 50
2 4 30
6 5 20
1000 1020 1000
60 30 5000
50
40
0 0 20
50 50 30
33 33 21
100 100 30
120 100 50
2 4 30
6 5 20
1000 1020 1000
60 30 5000
60 60 56
56 58 30
33 25 20
98 56 210
69 87 125
200 258 269
698 265 210
269 587 20
269 254 30
1024 1024 69
1 1 50
65 8 20
59 88 258
888 777 369
888 888 777
897 547 999
897 5 9
97 0 33
0 29 36
98 888 888
98 259 69
74 20 598
987 125 3
1000 0 369
98 6 9
87 4 20
6 9 80
7 45 20
55 8 20
89 7 40
554 445 20
1
2
4 4 10
6 6 20
10
60
0 2 30
3 6 55
2 8 0
2 5 99
2 6 99
6 9 9
33 6 58
66 0 25
200 36 36
99 52 30
2 55 20
66 30 25
98 65 32
259 236 333
69 800 200
55 254 210
985 623 210
69 30 30
30 30 30
20 20 20
10 10 100
85 32 620
0 900 30
0 0 20
50 50 30
33 33 21
100 100 30
120 100 50
2 4 30
6 5 20
1000 1020 1000
60 30 5000
60 60 56
56 58 30
33 25 20
98 56 210
69 87 125
200 258 269
698 265 210
269 587 20
269 254 30
1024 1024 69
1 1 50
65 8 20
59 88 258
888 777 369
888 888 777
897 547 999
897 5 9
97 0 33
0 29 36
98 888 888
98 259 69
74 20 598
987 125 3
1000 0 369
98 6 9
87 4 20
6 9 80
7 45 20
55 8 20
89 7 40
554 445 20